lvl;total xp;xp
1;0;0
2;83;83
3;174;91
4;276;102
5;388;112
6;512;124
7;650;138
8;801;151
9;969;168
10;1154;185
11;1358;204
12;1584;226
13;1833;249
14;2107;274
15;2411;304
16;2746;335
17;3115;369
18;3523;408
19;3973;450
20;4470;497
21;5018;548
22;5624;606
23;6291;667
24;7028;737
25;7842;814
26;8740;898
27;9730;990
28;10824;1094
29;12031;1207
30;13363;1332
31;14833;1470
32;16456;1623
33;18247;1791
34;20224;1977
35;22406;2182
36;24815;2409
37;27473;2658
38;30408;2935
39;33648;3240
40;37224;3576
41;41171;3947
42;45529;4358
43;50339;4810
44;55649;5310
45;61512;5863
46;67983;6471
47;75127;7144
48;83014;7887
49;91721;8707
50;101333;9612
51;111945;10612
52;123660;11715
53;136594;12934
54;150872;14278
55;166636;15764
56;184040;17404
57;203254;19214
58;224466;21212
59;247886;23420
60;273742;25856
61;302288;28546
62;333804;31516
63;368599;34795
64;407015;38416
65;449428;42413
66;496254;46826
67;547953;51699
68;605032;57079
69;668051;63019
70;737627;69576
71;814445;76818
72;899257;84812
73;992895;93638
74;1096278;103383
75;1210421;114143
76;1336443;126022
77;1475581;139138
78;1629200;153619
79;1798808;169608
80;1986068;187260
81;2192818;206750
82;2421087;228269
83;2673114;252027
84;2951373;278259
85;3258594;307221
86;3597792;339198
87;3972294;374502
88;4385776;413482
89;4842295;456519
90;5346332;504037
91;5902831;556499
92;6517253;614422
93;7195629;678376
94;7944614;748985
95;8771558;826944
96;9684577;913019
97;10692629;1008052
98;11805606;1112977
99;13034431;1228825